# glibc rand() golden vectors
# glibc version: 2.36
# RAND_MAX: 2147483647
# format: seed <S> then 200 values, one per line, in call order
seed 1
1804289383
846930886
1681692777
1714636915
1957747793
424238335
719885386
1649760492
596516649
1189641421
1025202362
1350490027
783368690
1102520059
2044897763
1967513926
1365180540
1540383426
304089172
1303455736
35005211
521595368
294702567
1726956429
336465782
861021530
278722862
233665123
2145174067
468703135
1101513929
1801979802
1315634022
635723058
1369133069
1125898167
1059961393
2089018456
628175011
1656478042
1131176229
1653377373
859484421
1914544919
608413784
756898537
1734575198
1973594324
149798315
2038664370
1129566413
184803526
412776091
1424268980
1911759956
749241873
137806862
42999170
982906996
135497281
511702305
2084420925
1937477084
1827336327
572660336
1159126505
805750846
1632621729
1100661313
1433925857
1141616124
84353895
939819582
2001100545
1998898814
1548233367
610515434
1585990364
1374344043
760313750
1477171087
356426808
945117276
1889947178
1780695788
709393584
491705403
1918502651
752392754
1474612399
2053999932
1264095060
1411549676
1843993368
943947739
1984210012
855636226
1749698586
1469348094
1956297539
1036140795
463480570
2040651434
1975960378
317097467
1892066601
1376710097
927612902
1330573317
603570492
1687926652
660260756
959997301
485560280
402724286
593209441
1194953865
894429689
364228444
1947346619
221558440
270744729
1063958031
1633108117
2114738097
2007905771
1469834481
822890675
1610120709
791698927
631704567
498777856
1255179497
524872353
327254586
1572276965
269455306
1703964683
352406219
1600028624
160051528
2040332871
112805732
1120048829
378409503
515530019
1713258270
1573363368
1409959708
2077486715
1373226340
1631518149
200747796
289700723
1117142618
168002245
150122846
439493451
990892921
1760243555
1231192379
1622597488
111537764
338888228
2147469841
438792350
1911165193
269441500
2142757034
116087764
1869470124
155324914
8936987
1982275856
1275373743
387346491
350322227
841148365
1960709859
1760281936
771151432
1186452551
1244316437
971899228
1476153275
213975407
1139901474
1626276121
653468858
2130794395
1239036029
1884661237
1605908235
1350573793
76065818
1605894428
1789366143
1987231011
1875335928
1784639529
seed 42
71876166
708592740
1483128881
907283241
442951012
537146758
1366999021
1854614940
647800535
53523743
783815874
1643643143
682599717
291474504
229233696
1633529762
175389892
1183169448
1212580698
1596161259
2108313867
469976352
975807809
1113801033
1232315727
1192349579
1564541169
1350496504
1709672141
1253520176
590056433
1781548307
1962112916
2073185314
541347900
257580280
462848424
1908346921
2112195221
1110648960
1961870665
748527447
606808455
496986734
1040001951
836042151
2130516497
1215391843
2019211600
1195613547
664069454
1980041819
1665589900
1639877263
946359204
750421979
684743195
363416725
2100918483
246931688
1616936901
543491269
2028479995
1431566170
469192935
422344247
1689146450
932041360
183207520
1653858023
2042690320
2145078185
254901822
502015127
494581272
1294903773
1338057278
477614121
362811969
1209785230
1673227668
1026881423
1042343401
1191333920
519275039
1988702605
1941755899
1204018234
204635682
1895190735
1450949922
1821572584
291198356
1331946269
1105655106
760391291
1754290516
647317908
1692432651
1937498036
153692284
1587639323
1935092574
408594106
2089654450
282190198
1703497880
1280228081
759804319
2066309849
342529663
285548339
945707624
1384873065
1476882260
1464982663
1226092022
1271154511
521517249
1430727705
1018861598
1972467171
1104816641
1310059954
1156929792
62988099
2070451246
763736660
710306007
1615400249
553751049
863998291
1055555925
341359975
1272592398
997726727
623550173
828606630
130471160
1383354492
747432831
473000824
1668902831
1693140455
1857873889
998301443
1010639471
936482263
121972307
1532156720
219726320
1140833905
1357140244
1324542961
303410212
366586388
1387531060
226377810
1130323049
2097837068
1841778059
1684074098
814351711
749850336
2025434073
2086944109
1747577064
501500598
768067091
1878048224
1884855090
1515499922
203565400
1406274273
1061156730
2061439289
257092069
2071796201
850437905
379064376
1456469273
1070164225
1519898281
666125869
247223539
1823308493
1032712258
1634754599
2049686303
15551659
1585108019
1743980715
1699625757
251976083
346347403
1577576182
191436544
2093924467
2079076780
959503636
seed 1337
292616681
1638893262
255706927
995816787
588263094
1540293802
343418821
903681492
898530248
1459533395
276971287
2009154155
53369804
1490425251
552672860
21619323
1699833725
664174788
790840026
1896536826
1571189750
734924384
406503944
1440900671
218157530
822512658
933868626
108410652
1674463757
151847075
1740207247
1967080438
1790740337
1995914174
815413577
231519783
1388724329
1158832398
1135201276
139770929
470882145
1412172563
1441436
524251950
755114166
554114296
545871273
307464244
1218289084
1336711300
56517422
641995186
2071635684
463021366
2082895857
142309566
1285534024
869280835
250720218
812514133
1021127910
1990927466
632110923
664384599
1839357992
1447524500
895904383
1080598673
458873250
2031105659
1220369602
929755396
1295794574
1221811038
1454007346
2050908740
1775925334
1999878619
210889336
846730770
1189106271
267406759
1488725956
1113258307
730428125
1424138166
1255567873
2015962150
145935353
1506288092
680992635
1167063264
1349731910
1313103559
1831447863
1041606254
613144411
579868598
2122204928
1072017662
463490609
1195090882
2001773058
1759285183
269418273
1308296756
1662710276
2045343607
1160691727
1873599612
744590730
202314351
2141006371
85833038
1315572658
723950849
1509971204
423656884
592429351
1655906558
1929944976
1273421986
675486174
1132193238
439041897
359450389
26315844
1052186309
939318988
1037124
2124203971
1402809597
1196128007
1978493381
1014611133
1465546280
1139306489
529837761
1363406239
152514568
255953725
2107996969
354828919
249476449
46346360
1670401578
973427298
1556317564
2094058462
1565856649
1064740474
1876519790
691794987
1740226648
861229380
1130836885
2099677038
887545224
35539546
891512378
888582349
12259869
146838327
2084710356
1990753250
1161449460
1402772988
982576091
1691287221
618695579
1135090659
1947240947
579208901
1489919579
49233748
625555261
1012837509
1022661046
34389177
959412323
441034047
1099129652
688448465
1132829034
691872652
1549677845
116182271
644066042
289739421
151721817
1535578420
1178321770
163981686
1682416748
1115548478
7251288
696382560
370837818
989827379
240186134
seed 99999
1268809316
1366423099
1000818142
2078760739
905264172
1538814804
425552616
242719814
1706117068
683683916
875950792
1376243756
1628196114
1179293564
1675746960
173584144
1180485024
42052807
216421896
1064321898
803769621
559679753
1910088029
451335575
463432458
1061874076
78463529
1888374550
137855917
401279257
1305418798
1406665233
1767702356
158753293
1337942324
525482880
1697568097
1763494940
768202695
1256201518
299695208
1644153487
484961626
1927891323
675963403
13224938
2101475467
1856448428
55277745
170413716
773286678
859047366
730093469
535891059
1310382942
1193525927
1597765136
1388846471
934416829
1735621053
1790125728
92351980
994802639
1410344436
251105273
185261315
1935827316
1948673370
1948756256
556546363
1057391240
100967816
53216202
1542352867
2028859139
729179606
1555577805
1982850959
438144386
1610855551
5781027
1211431064
322419269
735874496
1747322124
1632802211
1929400423
1197603612
874165034
716333605
785741017
516807114
808685585
1780543656
1927151550
1059790858
1965804972
1715495219
860980580
1767077580
124557934
1918371821
1868045396
177774137
1313241040
1749420888
906953743
721335197
1584788199
1345098129
184707100
1590569226
409045545
507126370
178960074
8884021
2139928581
2108360497
1206487633
866609968
677210454
1992228651
1383417082
1485896039
1625288659
1163084985
398203249
1443609983
731096556
1259183830
1063203915
855654490
1030072003
783765664
1033428627
195829395
385702904
1940382370
917164592
1970491103
1137996851
1101871693
1413576681
1547042397
1608998063
1592536755
1555926418
1601442996
1553413604
614930404
320569316
83140411
459675407
1703986399
1569036450
2084964066
719587736
1967239700
1381090402
1450684292
1078939882
296810669
158855134
2109011885
1080576333
1192283762
157357632
1466279237
985182484
1074522224
1289286692
2123179336
28910269
555379725
1522738085
1637908332
432832
931180855
1091867681
1553846437
1546111259
1412436997
1636986848
2005786666
968939748
1058539650
1943267085
1688527484
878295702
1176873839
991728128
1957235584
1473684508
1150583263
1918763821
406777194
195383377
2076121453
1873056431
1180565861
seed 2147483647
1065668062
2142264300
1066566375
1064012770
2141034222
1065509725
2135810236
2139491828
2138030783
2133535487
1063823214
1062867731
1057142398
1061426218
2134940760
2127804915
2132199267
2132963510
1050498024
2128539129
2130599457
2120124065
2124047555
1054006513
2115383933
1044819428
2124282634
1036193370
2111890717
1046299399
2103680308
1030075131
1041080051
1022763035
2094087902
1034630625
2088272761
2082414490
1026638805
2078819896
2068466329
2090462020
994203979
978125079
1004404590
981661091
958446346
989120209
967140953
2008944371
970175690
950256762
1981584788
946739597
2004263276
1949485073
1991559026
1981062262
838194795
1955966095
879878013
794391455
838557578
1920958065
1817154491
785161832
808105042
1757943604
720092674
1834743848
1689279852
641075355
1777722220
536000183
1619200435
634643162
1517661275
430163133
1623763372
337318580
291623856
446455414
1287575343
125724996
1393195012
1144354971
2075210069
1237270390
977933585
765921217
1045752837
1857811598
1560312672
1884310415
1631286015
1229983515
521988600
291907410
840443471
1242081274
2126651258
382239675
1883156630
1756889830
918239859
1354873417
244049344
288417486
1785036550
1867812716
625736066
2076660407
166784483
1913311409
54901755
1559979495
910182732
2130111825
649766237
1888116317
748549394
1695519074
1598444268
161378418
1432345841
1082246635
1391361934
1954334441
1374154045
84321757
1048932068
1353321655
466561433
784605050
962727837
1384801292
2139478467
1206777182
1673218778
1777031369
927106250
151471196
1706208128
1093890733
2064782606
1761109884
506386580
827481690
1743738061
1156152817
568114360
344803807
704188243
19074980
506182225
2136534085
1101321615
1897544159
1943384878
327992013
1981865917
844833298
1681313668
300943702
1629438348
496557858
1685744994
1621433167
1703335040
1211480124
1250980889
482957642
1362951320
809705369
1576848376
1280250278
423331605
2083234956
2107731969
19586018
1091904126
528362681
364389825
1796092369
547437661
870572051
1785142806
1648759276
620632562
1581044037
1976751289
455014831
278393687
1510581310
755958533
1907832036
2007139168
294219879
1381781555
1562990560
